1.868182897567749 10000
3.548931837081909 20000
5.847415447235107 30000
7.743727445602417 40000
10.268715620040894 50000
12.5473153591156 60000
14.85617733001709 70000
17.345402002334595 80000
19.63146448135376 90000
21.92718768119812 100000
71.62519121170044 100000
1.8675875663757324 10000
1.8590309619903564 10000
2.5614280700683594 10000
2.1606874465942383 10000
2.2317311763763428 10000
2.004622459411621 10000
2.054006576538086 10000
2.20548415184021 10000
2.5077126026153564 10000
2.2581307888031006 10000
1.9983162879943848 10000
2.6138558387756348 10000
2.3076701164245605 10000
2.132211685180664 10000
2.199648380279541 10000
2.252351999282837 10000
2.6897616386413574 10000
2.1479978561401367 10000
2.00325345993042 10000
2.243462324142456 10000
2.4200971126556396 10000
2.0485143661499023 10000
2.7786614894866943 10000
2.5693306922912598 10000
2.8402881622314453 10000
2.0870447158813477 10000
2.7360618114471436 10000
2.1270172595977783 10000
4.402663707733154 10000
2.1589887142181396 10000
2.1552512645721436 10000
2.2546908855438232 10000
1.9489333629608154 10000
5.080410718917847 10000
