11.641321659088135 10000
12.55013918876648 20000
14.45443868637085 30000
15.66015338897705 40000
17.938706874847412 50000
19.97856044769287 60000
22.34629797935486 70000
24.11234402656555 80000
26.368972778320312 90000
28.920004844665527 100000
82.33580470085144 100000
11.773869514465332 10000
2.3112387657165527 10000
3.0139148235321045 10000
2.6128041744232178 10000
12.943145513534546 10000
12.415601253509521 10000
2.536815643310547 10000
2.686025381088257 10000
2.946183204650879 10000
2.729414701461792 10000
2.4468510150909424 10000
3.043977737426758 10000
2.7385871410369873 10000
2.624513864517212 10000
2.7039222717285156 10000
2.764695882797241 10000
3.1178107261657715 10000
2.608018398284912 10000
2.493657112121582 10000
2.76194429397583 10000
2.859565258026123 10000
2.5099434852600098 10000
3.269331216812134 10000
3.007309675216675 10000
3.2774624824523926 10000
2.5964598655700684 10000
13.012582302093506 10000
12.202397108078003 10000
19.14646005630493 10000
12.49476957321167 10000
13.455214977264404 10000
13.409581422805786 10000
12.345364332199097 10000
27.886075735092163 10000
